Team,Roster URL,Team Photo URL,Number of players for which we found height in that team,Number of players for which we found weight in that team,Number of players for which we found hometown on that team,Number of players for which we found a picture on that team,Total Players
Alexandria Technical & Community College,,,0,0,0,0,16
Allegany College of Maryland,,,0,0,0,0,16
Allen County Community College,https://allencounty.com/sports/msoc/roster,,0,0,0,0,27
Andrew College,https://andrew.prestosports.com/sports/msoc/2024-25/roster,https://andrew.prestosports.com/images/setup/Primary_Logo-0-5x.png,0,0,0,0,16
Angelina College,https://angelina.prestosports.com/sports/msoc/2024-25/roster,https://angelina.prestosports.com/images/setup/Primary_Logo_-_.3x.png,0,0,0,0,29
Anne Arundel Community College,,,0,0,0,0,28
Anoka-Ramsey Community College,https://anokaramsey.com/sports/msoc/roster,,0,0,0,0,22
Arizona Western College,https://arizonawestern.prestosports.com/sports/msoc/2024-25/roster,https://arizonawestern.prestosports.com/images/setup/sitelogo-0.5x.png,0,0,0,0,29
Atlantic Cape Community College,,,0,0,0,0,18
Barton Community College,,,0,0,0,0,38
Bergen Community College,,,0,0,0,0,27
Black Hawk College,,,0,0,0,0,23
Blinn College,https://blinn.prestosports.com/sports/msoc/2023-24/roster,https://cdn.prestosports.com/action/cdn/pb67z3zjnx5pm9rz/images/setup/2015/footer_logo_1.png,0,0,0,0,34
Borough of Manhattan Community College,,,0,0,0,0,27
Bristol Community College,https://bristol.prestosports.com/sports/msoc/2024-25/roster,https://bristol.prestosports.com/images/setup/footer_logo_1.png,0,0,17,17,17
Bronx Community College,https://bronx.com/sports/msoc/roster,https://bronx.com/wp-content/uploads/upfw/the_bronx_daily_logo.png ,0,0,0,0,14
Brookdale Community College,https://brookdale.prestosports.com/sports/msoc/2024-25/roster,https://brookdale.prestosports.com/assets/Primary_Logo_-_.5x.png,0,0,0,0,24
Bryant & Stratton College (WI),,,0,0,0,0,19
Bunker Hill Community College,,,0,0,0,0,26
CCBC Catonsville,https://ccbccatonsville.prestosports.com/sports/msoc/2024-25/roster,https://ccbccatonsville.prestosports.com/assets/CAT_Cardinals_Full_whitetext_trans_v3.png,0,0,0,0,20
CCBC Essex,https://ccbcessex.prestosports.com/sports/msoc/2024-25/roster,https://ccbcessex.prestosports.com/assets/ESSEX_Knights_transparent.png,0,0,0,0,27
Camden County College,,,0,0,0,0,31
Cape Fear Community College,https://capefear.prestosports.com/sports/msoc/2024-25/roster,https://capefear.prestosports.com/images/setup/page_bg.jpg,26,26,26,26,28
Carl Sandburg College,,,0,0,0,0,23
Carroll Community College,,,0,0,0,0,19
Casper College,https://casper.prestosports.com/sports/msoc/2024-25/roster,https://casper.prestosports.com/assets/CC_Bird_Head_300x300-01.png,26,26,0,0,26
Cayuga Community College,,,0,0,0,0,33
Cecil College,https://cecil.prestosports.com/sports/msoc/2024-25/roster,https://cecil.prestosports.com/images/setup/site-logo.png,0,0,0,0,16
Central Community College-Columbus,,,0,0,0,0,30
Central Georgia Technical College,,,0,0,0,0,20
Central Wyoming College,,,0,0,0,0,38
Chandler-Gilbert Community College,,,0,0,0,0,27
Clinton Community College,https://clinton.com/sports/msoc/roster,,0,0,0,0,19
Coastal Bend College,https://coastalbend.edu/sports/msoc/roster,https://coastalbend.edu/sports/msoc/_files/images/logos/logo-horizontal-color.png,0,0,0,0,33
Coffeyville Community College,https://coffeyville.prestosports.com/sports/msoc/2024-25/roster,,28,28,28,28,28
College of DuPage,,,0,0,0,0,23
College of Lake County,,,0,0,0,0,26
College of Southern Idaho,,,0,0,0,0,26
College of Southern Maryland,,,0,0,0,0,22
College of Southern Nevada,,,0,0,0,0,33
Colorado Northwestern Community College,,,0,0,0,0,19
Community Christian College,,,0,0,0,0,14
Community College of Rhode Island,,,0,0,0,0,18
Connors State College,,,0,0,0,0,30
Copiah-Lincoln Community College,,,0,0,0,0,25
County College of Morris,,,0,0,0,0,20
Cowley County Community College,,,0,0,0,0,29
Crowder College,https://crowder.prestosports.com/sports/msoc/2024-25/roster,https://crowder.prestosports.com/images/setup-redesign/Roughrider.png,0,0,0,0,29
Cuyahoga Community College,,,0,0,0,0,17
Dakota County Technical College,,,0,0,0,0,25
Dallas College Cedar Valley,,,0,0,0,0,28
Dallas College Mountain View,,,0,0,0,0,28
Dallas College Richland,,,0,0,0,0,32
Daytona State College,,,0,0,0,0,28
Delaware County Community College,,,0,0,0,0,20
Denmark Technical College,,,0,0,0,0,19
Dodge City Community College,,,0,0,0,0,32
Dutchess Community College,,,0,0,0,0,20
East Central College,https://eastcentral.edu/sports/msoc/roster,https://www.eastcentral.edu/images/logos/ECC_logo_FA20_fullcolor.svg,0,0,0,0,26
East Central Community College,https://eastcentral.edu/sports/msoc/roster,https://www.eastcentral.edu/images/logos/ECC_logo_FA20_fullcolor.svg,0,0,0,0,23
East Mississippi Community College,,,0,0,0,0,22
Eastern Arizona College,,,0,0,0,0,29
Eastern Florida State College,,,0,0,0,0,31
Eastern Oklahoma State College,,,0,0,0,0,28
Elgin Community College,https://elgin.prestosports.com/sports/msoc/2024-25/roster,https://elgin.prestosports.com/images/setup/main_logo.png,26,0,0,26,26
Enterprise State Community College,,,0,0,0,0,27
Erie Community College,https://erie.prestosports.com/sports/msoc/2024-25/roster,https://erie.prestosports.com/images/Primary_Logo_-_.3x.png,0,0,0,0,25
Essex County College,,,0,0,0,0,23
Finger Lakes Community College,https://fingerlakes.prestosports.com/sports/msoc/2024-25/roster,https://fingerlakes.prestosports.com/images/setup/PRIMARY_LOGO.png,0,0,0,0,27
Frederick Community College,,,0,0,0,0,24
Fulton-Montgomery Community College,,,0,0,0,0,23
Garden City Community College,,,0,0,0,0,32
GateWay Community College - AZ,,,0,0,0,0,21
Genesee Community College,,,0,0,0,0,29
Georgia Military College,,,0,0,0,0,44
Gillette College,https://gillette.prestosports.com/sports/msoc/2024-25/roster,https://gillette.prestosports.com/images/setup/Primary_Logo_-_1x.png,1,0,1,0,27
Glendale Community College,,,0,0,0,0,32
Grand Rapids Community College,,,0,0,0,0,26
Hagerstown Community College,https://hagerstown.prestosports.com/sports/msoc/2024-25/roster,,22,22,22,22,23
Harcum College,,,0,0,0,0,34
Harford Community College,,,0,0,0,0,30
Harper College,,,0,0,0,0,32
Harrisburg Area Community College,,,0,0,0,0,12
Harry S. Truman College,,,0,0,0,0,23
Hawkeye Community College,,,0,0,0,0,36
Heartland Community College,,,0,0,0,0,29
Herkimer College,https://herkimer.prestosports.com/sports/msoc/2024-25/roster,https://herkimer.prestosports.com/assets/LOGO_-6-.png,0,0,0,0,32
Hesston College,https://hesston.edu/sports/msoc/roster,https://hesston.edu/images/logos/site/site.png?height=72&mode=crop&anchor=middlecenter,0,0,0,0,41
Hill College,,,0,0,0,0,23
Hinds Community College,https://hinds.org/sports/msoc/roster,,0,0,0,0,23
Holmes Community College,,,0,0,0,0,24
Holyoke Community College,,,0,0,0,0,18
Howard Community College,,,0,0,0,0,22
Hudson Valley Community College,,,0,0,0,0,23
Illinois Central College,,,0,0,0,0,23
Illinois Valley Community College,,,0,0,0,0,24
Indian Hills Community College,https://indianhills.prestosports.com/sports/msoc/2024-25/roster,https://indianhills.prestosports.com/images/setup/Updated_Images/logo.png,40,1,0,40,40
Iowa Central Community College,,,0,0,0,0,24
Iowa Lakes Community College,,,0,0,0,0,45
Iowa Western Community College,https://iowawestern.com/sports/msoc/roster,,0,0,0,0,39
Itawamba Community College,https://itawamba.prestosports.com/sports/msoc/2024-25/roster,https://itawamba.prestosports.com/images/logos/new-logo-1.png,24,24,24,24,24
Jackson College,,,0,0,0,0,17
Jacksonville College,https://jacksonville.com/sports/msoc/roster,,0,0,0,0,35
Jamestown Community College,,,0,0,0,0,28
Jefferson College,,,0,0,0,0,24
Jefferson Community College,,,0,0,0,0,26
John Wood Community College,,,0,0,0,0,22
Johnson County Community College,,,0,0,0,0,29
Joliet Junior College,,,0,0,0,0,21
Jones College,,,0,0,0,0,21
Kankakee Community College,,,0,0,0,0,18
Kansas City Kansas Community College,,,0,0,0,0,27
Kennedy-King College,,,0,0,0,0,20
Kingsborough Community College,,,0,0,0,0,27
Kishwaukee College,https://kishwaukee.prestosports.com/sports/msoc/2024-25/roster,,0,0,22,22,22
LaGuardia Community College,,,0,0,0,0,30
Lackawanna College,,,0,0,0,0,13
Lake Michigan College,,,0,0,0,0,22
Lake Superior College,,,0,0,0,0,20
Lakeland Community College,https://lakeland.prestosports.com/sports/msoc/2024-25/roster,https://lakeland.prestosports.com/images/setup/Primary_Logo_-_1x.png,0,0,0,0,15
Lamar Community College,,,0,0,0,0,27
Laramie County Community College,,,0,0,0,0,31
Lehigh Carbon Community College,,,0,0,0,0,21
Lewis & Clark Community College,,,0,0,0,0,30
Lincoln Trail College,,,0,0,0,0,24
Louisburg College,https://louisburg.prestosports.com/sports/msoc/2024-25/roster,https://louisburg.prestosports.com/assets/images/Louisburg logo.png,0,0,0,0,24
Louisiana State University-Eunice,,,0,0,0,0,27
Madison College,,,0,0,0,0,26
Malcolm X College,,,0,0,0,0,21
Marian University Ancilla,,,0,0,0,0,23
Marshalltown CC,,,0,0,0,0,27
MassBay Community College,https://massbay.prestosports.com/sports/msoc/2024-25/roster,https://massbay.prestosports.com/assets/Primary_Logo_-_.5x.png,0,0,0,0,20
Massasoit Community College,https://massasoit.prestosports.com/sports/msoc/2024-25/roster,https://massasoit.prestosports.com/images/setup_redesign/massasoit-logo.png,0,0,23,23,25
McHenry County College,https://mchenrycounty.com/sports/msoc/roster,,0,0,0,0,23
Mercer County Community College,,,0,0,0,0,31
Meridian Community College,https://meridian.prestosports.com/sports/msoc/2024-25/roster,https://meridian.prestosports.com/images/setup2021/logo.png,0,0,0,25,25
Mesa Community College,,,0,0,0,0,35
Metropolitan Community College,https://metropolitan.prestosports.com/sports/msoc/2024-25/roster,https://metropolitan.prestosports.com/images/setup/Primary_Logo.png,0,0,0,0,28
Miami Dade College,https://miamidade.prestosports.com/sports/msoc/2024-25/roster,https://miamidade.prestosports.com/assets/Primary_Logo_-_.5x.png,0,0,0,1,28
Middlesex College,,,0,0,0,0,30
Milwaukee Area Technical College,,,0,0,0,0,19
Mineral Area College,https://mineralarea.prestosports.com/sports/msoc/2024-25/roster,https://mineralarea.prestosports.com/images/setup/logo.png,0,0,0,0,33
Minnesota West Community College,,,0,0,0,0,26
Mississippi Gulf Coast Community College,,,0,0,0,0,25
Mohave Community College,,,0,0,0,0,22
Mohawk Valley Community College,https://mohawkvalley.prestosports.com/sports/msoc/2024-25/roster,,0,0,43,43,43
Monroe Community College,https://monroe.prestosports.com/sports/msoc/2024-25/roster,https://monroe.prestosports.com/assets/Primary_Logo_-_.5x.png,0,0,0,0,28
Monroe University,https://monroe.prestosports.com/sports/msoc/2024-25/roster,https://monroe.prestosports.com/assets/Primary_Logo_-_.5x.png,0,0,0,0,44
Monroe University - Bronx,,,0,0,0,0,33
Montgomery College (MD),,,0,0,0,0,26
Montgomery County Community College (PA),,,0,0,0,0,24
Moraine Valley Community College,https://morainevalley.prestosports.com/sports/msoc/2024-25/roster,https://morainevalley.prestosports.com/images/setup/footer_logo_edu.png,0,0,25,25,26
Morton College,,,0,0,0,0,29
Murray State College,https://murraystate.edu/sports/msoc/roster,https://www.murraystate.edu/_resources/images/logo-white.svg,0,0,0,0,29
Muskegon Community College,,,0,0,0,0,21
Nassau Community College,,,0,0,0,0,22
National Park College,,,0,0,0,0,29
Neosho County Community College,,,0,0,0,0,31
North Country Community College,,,0,0,0,0,16
North Idaho College,https://northidaho.prestosports.com/sports/msoc/2024-25/roster,https://northidaho.prestosports.com/assets/Logo_NIU.png,0,0,0,0,29
North Iowa Area Community College,,,0,0,0,0,39
Northampton Community College,,,0,0,0,0,23
Northeast Community College,,,0,0,0,0,28
Northeast Texas Community College,,,0,0,0,0,26
Northeastern Junior College,,,0,0,0,0,27
Northeastern Oklahoma A&M College,,,0,0,0,0,27
Northern Essex Community College,https://northernessex.prestosports.com/sports/msoc/2024-25/roster,,27,0,0,28,28
Northern Oklahoma College-Enid,,,0,0,0,0,27
Northwest College,https://northwest.prestosports.com/sports/msoc/2024-25/roster,https://northwest.prestosports.com/images/setup/sitelogo.png,0,0,0,0,31
Northwest Iowa Community College,,,0,0,0,0,30
Northwest Mississippi Community College,,,0,0,0,0,25
Oakton Community College,,,0,0,0,0,22
Ocean County College,,,0,0,0,0,25
Onondaga Community College,,,0,0,0,0,25
Orange County Community College,,,0,0,0,0,20
Otero College,https://otero.prestosports.com/sports/msoc/2024-25/roster,https://otero.prestosports.com/images/setup/logo.png,0,0,0,36,36
Owens Community College,https://owens.prestosports.com/sports/msoc/2024-25/roster,https://cdn.prestosports.com/action/cdn/vdnzo06ydjx2ys31/images/setup/2015/footer_logo_1.png?max_width=-1,18,18,18,18,18
Oxford College of Emory University,,,0,0,0,0,27
Pacific Northwest Christian College,,,0,0,0,0,18
Paradise Valley Community College,,,0,0,0,0,29
Paris Junior College,,,0,0,0,0,28
Parkland College,,,0,0,0,0,22
Patrick & Henry Community College,,,0,0,0,0,33
Pearl River Community College,,,0,0,0,0,25
Pellissippi State,,,0,0,0,0,33
Phoenix College,https://phoenix.com/sports/msoc/roster,https://www.phoenix.com/wp-content/uploads/Phoenix-White-and-Red-RGB.png,0,0,0,0,27
Pima Community College,https://pima.prestosports.com/sports/msoc/2024-25/roster,https://pima.prestosports.com/images/setup/PRIMARY_LOGO-0.5x.png,1,1,1,0,29
Prairie State College,,,0,0,0,0,22
Pratt Community College,,,0,0,0,0,30
Prince George's Community College,,,0,0,0,0,25
Queensborough Community College,,,0,0,0,0,23
Quinsigamond Community College,,,0,0,0,0,17
Ranger College,https://ranger.prestosports.com/sports/msoc/2024-25/roster,https://ranger.prestosports.com/assets/Ranger_Vector_-_Secluded_Cove.png,0,0,0,0,35
Raritan Valley Community College,,,0,0,0,0,26
Rich Mountain,,,0,0,0,0,31
Richard Bland College,,,0,0,0,0,27
Richard J. Daley College,,,0,0,0,0,26
Riverland Community College,https://riverland.prestosports.com/sports/msoc/2024-25/roster,https://riverland.prestosports.com/images/setup/site-logo.png,0,0,25,25,26
Rock Valley College,,,0,0,0,0,28
Rockland Community College,,,0,0,0,0,19
Rose State College,,,0,0,0,0,22
Rowan College South Jersey - Gloucester,,,0,0,0,0,27
Rowan College of South Jersey-Cumberland,,,0,0,0,0,23
Roxbury Community College,,,0,0,0,0,21
SUNY Adirondack,,,0,0,0,0,24
SUNY Broome Community College,https://sunybroome.com/sports/msoc/roster,,0,0,0,0,18
SUNY Niagara,,,0,0,0,0,17
Salt Lake Community College,,,0,0,0,0,35
Schoolcraft College,https://schoolcraft.prestosports.com/sports/msoc/2024-25/roster,https://schoolcraft.prestosports.com/assets/schoolcraftnewlogo.png,33,33,0,0,33
Scottsdale Community College,,,0,0,0,0,25
Seward County,,,0,0,0,0,36
Snow College,,,0,0,0,0,29
South Mountain Community College,,,0,0,0,0,24
South Suburban College,https://southsuburban.com/sports/msoc/roster,,0,0,0,0,28
Southeast Community College,,,0,0,0,0,32
Southeastern Community College,,,0,0,0,0,58
Southern Union State Community College,,,0,0,0,0,41
Southwest Mississippi Community College,,,0,0,0,0,25
Southwest Virginia,,,0,0,0,0,23
Southwestern Illinois College,,,0,0,0,0,23
Springfield Technical Community College,,,0,0,0,0,18
St. Charles Community College,,,0,0,0,0,23
St. Clair Community College,,,0,0,0,0,25
St. Louis Community College,,,0,0,0,0,28
State Fair Community College,https://statefair.prestosports.com/sports/msoc/2024-25/roster,https://statefair.prestosports.com/images/setup/logo-primary-reverse.png,0,0,0,0,25
Suffolk CC,https://suffolkcc.prestosports.com/sports/msoc/2024-25/roster,https://suffolkcc.prestosports.com/images/setup-redesign/setup/PRIMARY_LOGO.png,0,0,0,0,29
Sussex County Community College,,,0,0,0,0,32
Terra State,,,0,0,0,0,16
Texas Southmost College,,,0,0,0,0,36
Tompkins Cortland Community College,,,0,0,0,0,28
Trinidad State College,https://trinidadstate.prestosports.com/sports/msoc/2024-25/roster,https://cdn.prestosports.com/action/cdn/ck1hay9lvfbusjfk/images/setup/footer_logo_1.png,25,0,25,25,25
Triton College,,,0,0,0,0,34
Truckee Meadows,,,0,0,0,0,26
Tyler Junior College,,,0,0,0,0,32
UCNJ,,,0,0,0,0,27
USC Lancaster,,,0,0,0,0,33
USC Salkehatchie,,,0,0,0,0,25
USC Sumter,https://uscsumter.prestosports.com/sports/msoc/2024-25/roster,https://uscsumter.prestosports.com/images/setup/Primary_Logo_-_.3x.png,0,0,0,0,32
USC Union,https://uscunion.prestosports.com/sports/msoc/2024-25/roster,https://uscunion.prestosports.com/assets/USCU-Bantams_Mascot-FullColor.png,0,0,0,0,22
UW-Whitewater at Rock County,,,0,0,0,0,15
Ulster County Community College,,,0,0,0,0,35
University of Arkansas Cossatot,,,0,0,0,0,13
Utah State Eastern,,,0,0,0,0,38
WVU Potomac State College,,,0,0,0,0,21
Wake Technical Community College,,,0,0,0,0,31
Waubonsee Community College,https://waubonsee.prestosports.com/sports/msoc/2024-25/roster,https://waubonsee.prestosports.com/images/setup/footer_logo_presto.png,0,0,0,26,26
Westchester Community College,,,0,0,0,0,27
Western Iowa Tech,,,0,0,0,0,46
Western Nebraska Community College,https://westernnebraska.prestosports.com/sports/msoc/2024-25/roster,https://cdn.prestosports.com/action/cdn/5ygtj8tnkl6cy9yo/images/logos/bellevue_logo_--_new_--_bigger.jpg?max_width=-1,24,15,24,0,24
Western Texas College,,,0,0,0,0,27
Wilbur Wright College,,,0,0,0,0,30
Yavapai College,,,0,0,0,0,26
